20 0.283333 0.289844 0.031250 0.007812
2 0.272917 0.290234 0.004167 0.005469
2 0.276042 0.290234 0.004167 0.005469
14 0.279687 0.289844 0.005208 0.004687
7 0.283854 0.289844 0.003125 0.004687
6 0.286979 0.289844 0.003125 0.004687
8 0.290104 0.289844 0.003125 0.004687
7 0.293750 0.289453 0.004167 0.003906
8 0.296354 0.289844 0.003125 0.004687
20 0.715625 0.296484 0.079167 0.024219
9 0.690104 0.298438 0.009375 0.014063
4 0.697917 0.298438 0.008333 0.014063
19 0.707812 0.296875 0.009375 0.012500
7 0.718750 0.294922 0.008333 0.013281
6 0.726042 0.294922 0.008333 0.013281
1 0.733854 0.293750 0.007292 0.012500
2 0.741667 0.294141 0.006250 0.010156
2 0.748958 0.293359 0.008333 0.010156
