20 0.448828 0.503125 0.039844 0.018750
3 0.434766 0.505208 0.003906 0.010417
1 0.438672 0.504687 0.003906 0.009375
12 0.444141 0.504167 0.007031 0.008333
6 0.449219 0.503125 0.003125 0.010417
4 0.453125 0.502083 0.003125 0.010417
4 0.457422 0.501563 0.003906 0.009375
4 0.462109 0.502083 0.003906 0.008333
4 0.466016 0.501042 0.003906 0.008333
20 0.850391 0.405729 0.044531 0.015625
8 0.835156 0.406771 0.004687 0.009375
9 0.839844 0.406771 0.004687 0.009375
13 0.845703 0.406250 0.005469 0.010417
5 0.851562 0.405208 0.004687 0.010417
9 0.855859 0.404687 0.003906 0.009375
9 0.860156 0.404167 0.004687 0.010417
9 0.865234 0.404687 0.003906 0.007292
9 0.869531 0.404167 0.004687 0.008333
