20 0.576562 0.293359 0.086458 0.025781
8 0.547396 0.296484 0.009375 0.013281
3 0.556250 0.295312 0.010417 0.014063
16 0.568750 0.294531 0.012500 0.015625
5 0.580208 0.292578 0.010417 0.014844
2 0.588542 0.291406 0.008333 0.014063
1 0.596875 0.290625 0.008333 0.014063
1 0.606771 0.290625 0.007292 0.010937
6 0.614583 0.290234 0.008333 0.011719
20 0.258854 0.263281 0.055208 0.009375
5 0.240104 0.263672 0.005208 0.007031
1 0.245312 0.263281 0.005208 0.007812
17 0.253125 0.262891 0.008333 0.007031
7 0.260937 0.263281 0.005208 0.007812
5 0.266146 0.263281 0.005208 0.007812
6 0.271354 0.263281 0.005208 0.007812
1 0.278125 0.264062 0.004167 0.006250
6 0.282813 0.264062 0.005208 0.006250
