20 0.133984 0.210417 0.100781 0.037500
9 0.100000 0.205208 0.009375 0.022917
8 0.108984 0.206250 0.010156 0.022917
10 0.122656 0.207292 0.017188 0.022917
4 0.137109 0.209375 0.010156 0.022917
9 0.146484 0.210417 0.010156 0.025000
9 0.156641 0.210938 0.010156 0.023958
6 0.167969 0.214583 0.009375 0.018750
6 0.177734 0.215104 0.010156 0.019792
20 0.563672 0.248958 0.091406 0.035417
1 0.532422 0.244792 0.007031 0.022917
6 0.541016 0.245312 0.010156 0.021875
19 0.553906 0.246354 0.009375 0.019792
7 0.566406 0.247917 0.009375 0.020833
7 0.575391 0.248958 0.008594 0.020833
1 0.584375 0.250000 0.006250 0.020833
1 0.594531 0.253125 0.006250 0.016667
0 0.602344 0.254688 0.006250 0.009375
20 0.953516 0.288021 0.086719 0.032292
7 0.924609 0.284896 0.008594 0.019792
6 0.932813 0.285417 0.007812 0.020833
15 0.944141 0.286458 0.011719 0.020833
4 0.956641 0.287500 0.008594 0.020833
4 0.964453 0.288021 0.007031 0.019792
6 0.972266 0.289062 0.008594 0.019792
1 0.982031 0.292187 0.006250 0.017708
0 0.989453 0.293229 0.007031 0.011458
