20 0.327734 0.500000 0.158594 0.141667
1 0.273828 0.520833 0.016406 0.052778
2 0.290625 0.512500 0.018750 0.055556
19 0.313281 0.502778 0.020313 0.055556
3 0.335156 0.491667 0.017188 0.058333
9 0.350781 0.484722 0.017188 0.058333
9 0.366406 0.473611 0.017188 0.052778
5 0.383984 0.470833 0.014844 0.044444
7 0.397656 0.463194 0.015625 0.043056
20 0.795703 0.284722 0.083594 0.086111
9 0.766797 0.295833 0.010156 0.038889
7 0.776563 0.293056 0.009375 0.038889
19 0.788672 0.286806 0.011719 0.037500
3 0.801953 0.281250 0.008594 0.037500
2 0.810156 0.277778 0.007812 0.038889
6 0.817187 0.276389 0.007812 0.038889
5 0.825781 0.273611 0.007812 0.030556
7 0.833203 0.270139 0.008594 0.031944
