20 0.735156 0.521354 0.081250 0.030208
1 0.708203 0.520312 0.007031 0.021875
7 0.716406 0.520312 0.009375 0.021875
11 0.728125 0.520312 0.012500 0.023958
5 0.738672 0.520833 0.008594 0.022917
6 0.746484 0.520312 0.007031 0.021875
1 0.754297 0.521354 0.007031 0.021875
5 0.763281 0.524479 0.007812 0.017708
5 0.770312 0.524479 0.007812 0.017708
20 0.926562 0.451042 0.045312 0.020833
4 0.912500 0.449479 0.006250 0.015625
1 0.916797 0.450000 0.005469 0.016667
18 0.922656 0.451042 0.007812 0.014583
5 0.928906 0.451042 0.004687 0.014583
4 0.932813 0.451562 0.004687 0.015625
9 0.937500 0.452083 0.004687 0.014583
4 0.942187 0.454167 0.004687 0.012500
3 0.946094 0.454688 0.004687 0.013542
